version https://git-lfs.github.com/spec/v1
oid sha256:0e7450d0fb9bd9acbfdf1ac8b3598371d37b3a4639cb4becb1a8cca1edcd3413
size 2266
